agency_primary,PY,n,decline_n,perc_previous,author_position
commerce,2019,1205,NA,NA,first
commerce,2020,1124,-81,-6.721991701244813,first
commerce,2021,1162,38,3.3807829181494666,first
commerce,2022,1058,-104,-8.950086058519794,first
commerce,2023,998,-60,-5.671077504725898,first
commerce,2024,911,-87,-8.71743486973948,first
commerce,2025,726,-185,-20.30735455543359,first
dhs,2019,21,NA,NA,first
dhs,2020,21,0,0,first
dhs,2021,23,2,9.523809523809524,first
dhs,2022,22,-1,-4.3478260869565215,first
dhs,2023,24,2,9.090909090909092,first
dhs,2024,19,-5,-20.833333333333336,first
dhs,2025,16,-3,-15.789473684210526,first
dod,2019,3295,NA,NA,first
dod,2020,2951,-344,-10.440060698027315,first
dod,2021,3031,80,2.7109454422229753,first
dod,2022,2551,-480,-15.83635763774332,first
dod,2023,2792,241,9.447275578204625,first
dod,2024,2601,-191,-6.840974212034384,first
dod,2025,2107,-494,-18.992695117262592,first
doe,2019,5333,NA,NA,first
doe,2020,5471,138,2.5876617288580537,first
doe,2021,5968,497,9.084262474867483,first
doe,2022,5439,-529,-8.863941018766756,first
doe,2023,5127,-312,-5.73634859349145,first
doe,2024,4764,-363,-7.080163838502047,first
doe,2025,4184,-580,-12.174643157010916,first
doj,2019,21,NA,NA,first
doj,2020,25,4,19.047619047619047,first
doj,2021,27,2,8,first
doj,2022,27,0,0,first
doj,2023,27,0,0,first
doj,2024,20,-7,-25.925925925925924,first
doj,2025,15,-5,-25,first
dot,2019,19,NA,NA,first
dot,2020,25,6,31.57894736842105,first
dot,2021,33,8,32,first
dot,2022,18,-15,-45.45454545454545,first
dot,2023,25,7,38.88888888888889,first
dot,2024,22,-3,-12,first
dot,2025,15,-7,-31.818181818181817,first
education,2019,8,NA,NA,first
education,2020,7,-1,-12.5,first
education,2021,5,-2,-28.57142857142857,first
education,2022,6,1,20,first
education,2023,12,6,100,first
education,2024,12,0,0,first
education,2025,6,-6,-50,first
epa,2019,324,NA,NA,first
epa,2020,259,-65,-20.061728395061728,first
epa,2021,278,19,7.335907335907336,first
epa,2022,235,-43,-15.467625899280577,first
epa,2023,270,35,14.893617021276595,first
epa,2024,224,-46,-17.037037037037038,first
epa,2025,201,-23,-10.267857142857142,first
federal reserve system,2019,189,NA,NA,first
federal reserve system,2020,230,41,21.693121693121693,first
federal reserve system,2021,172,-58,-25.217391304347824,first
federal reserve system,2022,199,27,15.69767441860465,first
federal reserve system,2023,172,-27,-13.5678391959799,first
federal reserve system,2024,171,-1,-0.5813953488372093,first
federal reserve system,2025,160,-11,-6.432748538011696,first
hhs,2019,5363,NA,NA,first
hhs,2020,5157,-206,-3.8411336938280813,first
hhs,2021,5634,477,9.24956369982548,first
hhs,2022,5023,-611,-10.844870429534966,first
hhs,2023,4731,-292,-5.813259008560621,first
hhs,2024,4225,-506,-10.695413231874868,first
hhs,2025,3571,-654,-15.479289940828403,first
hud,2019,3,NA,NA,first
hud,2020,2,-1,-33.33333333333333,first
hud,2021,1,-1,-50,first
hud,2022,1,0,0,first
hud,2024,4,3,300,first
hud,2025,3,-1,-25,first
interior,2019,908,NA,NA,first
interior,2020,979,71,7.819383259911894,first
interior,2021,939,-40,-4.085801838610827,first
interior,2022,882,-57,-6.070287539936102,first
interior,2023,911,29,3.2879818594104306,first
interior,2024,847,-64,-7.025246981339188,first
interior,2025,666,-181,-21.369539551357732,first
labor,2019,10,NA,NA,first
labor,2020,6,-4,-40,first
labor,2021,7,1,16.666666666666664,first
labor,2022,8,1,14.285714285714285,first
labor,2023,7,-1,-12.5,first
labor,2024,2,-5,-71.42857142857143,first
nasa,2019,803,NA,NA,first
nasa,2020,837,34,4.2341220423412205,first
nasa,2021,875,38,4.540023894862605,first
nasa,2022,786,-89,-10.17142857142857,first
nasa,2023,794,8,1.0178117048346056,first
nasa,2024,773,-21,-2.644836272040302,first
nasa,2025,630,-143,-18.499353169469597,first
nsf,2019,381,NA,NA,first
nsf,2020,319,-62,-16.27296587926509,first
nsf,2021,316,-3,-0.9404388714733543,first
nsf,2022,316,0,0,first
nsf,2023,255,-61,-19.303797468354432,first
nsf,2024,237,-18,-7.0588235294117645,first
nsf,2025,219,-18,-7.59493670886076,first
other,2019,207,NA,NA,first
other,2020,140,-67,-32.367149758454104,first
other,2021,153,13,9.285714285714286,first
other,2022,121,-32,-20.915032679738562,first
other,2023,162,41,33.88429752066116,first
other,2024,139,-23,-14.19753086419753,first
other,2025,88,-51,-36.69064748201439,first
smithsonian,2019,604,NA,NA,first
smithsonian,2020,592,-12,-1.9867549668874174,first
smithsonian,2021,604,12,2.027027027027027,first
smithsonian,2022,540,-64,-10.596026490066226,first
smithsonian,2023,551,11,2.037037037037037,first
smithsonian,2024,484,-67,-12.159709618874773,first
smithsonian,2025,428,-56,-11.570247933884298,first
state,2019,83,NA,NA,first
state,2020,57,-26,-31.32530120481928,first
state,2021,61,4,7.017543859649122,first
state,2022,43,-18,-29.508196721311474,first
state,2023,53,10,23.25581395348837,first
state,2024,39,-14,-26.41509433962264,first
state,2025,36,-3,-7.6923076923076925,first
treasury,2019,23,NA,NA,first
treasury,2020,14,-9,-39.130434782608695,first
treasury,2021,9,-5,-35.714285714285715,first
treasury,2022,13,4,44.44444444444444,first
treasury,2023,17,4,30.76923076923077,first
treasury,2024,13,-4,-23.52941176470588,first
treasury,2025,22,9,69.23076923076923,first
usda,2019,2059,NA,NA,first
usda,2020,1948,-111,-5.390966488586693,first
usda,2021,1762,-186,-9.548254620123203,first
usda,2022,1704,-58,-3.2917139614074915,first
usda,2023,1680,-24,-1.4084507042253522,first
usda,2024,1548,-132,-7.857142857142857,first
usda,2025,1328,-220,-14.21188630490956,first
va,2019,3204,NA,NA,first
va,2020,3175,-29,-0.9051186017478152,first
va,2021,3345,170,5.354330708661418,first
va,2022,3408,63,1.883408071748879,first
va,2023,3078,-330,-9.683098591549296,first
va,2024,2979,-99,-3.216374269005848,first
va,2025,2450,-529,-17.75763679086942,first
